i_iter:500,        miou:23.75000 
i_iter:500,        miou:35.36000 
